m 5
n 10
0 7 11
t -22 0
t 13 7
t -8 0
t -1 13
t 21 -12
d -12 -19 98
d 14 8 49
d -10 -15 77
d 25 12 51
d -12 -14 62
d -8 3 33
d -8 -19 85
d -24 -11 62
d 6 2 37
d 9 14 81
Truck Graph:
   0.00   77.54   18.03   46.50   20.62   67.31
  77.54    0.00   89.23   35.00   61.75  111.61
  18.03   89.23    0.00   55.34   38.08   51.54
  46.50   35.00   55.34    0.00   36.91   78.46
  20.62   61.75   38.08   36.91    0.00   83.25
  67.31  111.61   51.54   78.46   83.25    0.00
T 410
D 820
Drone Distance Graph:
   0.00   31.02    7.21   27.90    8.25   40.39   35.51    7.62   46.60   27.04   31.40   17.00   33.54   57.02   13.58    3.61
  31.02    0.00   35.69   14.00   24.70   66.96   32.21   36.88   28.81   48.51   17.20   21.48   23.60   11.18   42.11   51.02
   7.21   35.69    0.00   33.20   22.85   20.62   36.07    1.41   31.83   19.50   32.65   32.07   50.13   41.15   12.90    8.06
  27.90   14.00   33.20    0.00   22.15   31.38   29.12   35.11   22.70   52.67   21.84    4.50   28.50   19.42   21.21   22.02
   8.25   24.70   22.85   22.15    0.00   33.30   50.76   15.81   29.41   26.02   43.73   12.21   49.14   49.86   13.04   10.05
  40.39   66.96   20.62   31.38   33.30    0.00   50.60   31.78   46.72   24.33   33.06   32.65   44.75   45.01   20.52   42.95
  35.51   32.21   36.07   29.12   50.76   50.60    0.00   37.48    6.71   72.41    7.50   22.36    4.00   14.42   27.66   58.67
   7.62   36.88    1.41   35.11   15.81   31.78   37.48    0.00   33.24   11.70   34.06   22.56   52.24   63.73   10.00    7.81
  46.60   28.81   31.83   22.70   29.41   46.72    6.71   33.24    0.00   44.20    2.24   18.11    4.47   14.56   35.02   52.00
  27.04   48.51   19.50   52.67   26.02   24.33   72.41   11.70   44.20    0.00   45.22   34.21   45.28   81.19   21.47   16.12
  31.40   17.20   32.65   21.84   43.73   33.06    7.50   34.06    2.24   45.22    0.00   17.46    9.60   12.37   24.08   35.00
  17.00   21.48   32.07    4.50   12.21   32.65   22.36   22.56   18.11   34.21   17.46    0.00   33.00   21.26   14.04   20.25
  33.54   23.60   50.13   28.50   49.14   44.75    4.00   52.24    4.47   45.28    9.60   33.00    0.00   26.83   25.24   37.12
  57.02   11.18   41.15   19.42   49.86   45.01   14.42   63.73   14.56   81.19   12.37   21.26   26.83    0.00   32.70   62.10
  13.58   42.11   12.90   21.21   13.04   20.52   27.66   10.00   35.02   21.47   24.08   14.04   25.24   32.70    0.00   18.55
   3.61   51.02    8.06   22.02   10.05   42.95   58.67    7.81   52.00   16.12   35.00   20.25   37.12   62.10   18.55    0.00
Drone Profit Graph:
 0  0  0  1  0 68  0  0 61 58  0  0  0 48 56  0
 0  0  0  0  0  4 53  0 90  0  0 61  0  0 14 36
 0  0  0 84 76  0  0  0  0 29  0 48 67  0 34  0
 1  0 84  0  3  0  4 46 64 82 44 95 74  0 16  0
 0  0 76  3  0  0  4  0  0  0 80  0 32 39  0  0
68  4  0  0  0  0 60 28  4  0  0  0 66  0  0 24
 0 53  0  4  4 60  0  0 71 81 35  0  0  0  0 63
 0  0  0 46  0 28  0  0  0  0  0  0 53 65  0  0
61 90  0 64  0  4 71  0  0  0  0  0  0  0  2 55
58  0 29 82  0  0 81  0  0  0  0  0  0 73  0  0
 0  0  0 44 80  0 35  0  0  0  0  0 85  0  0  0
 0 61 48 95  0  0  0  0  0  0  0  0 65  0  0  0
 0  0 67 74 32 66  0 53  0  0 85 65  0 86  0  0
48  0  0  0 39  0  0 65  0 73  0  0 86  0  0 86
56 14 34 16  0  0  0  0  2  0  0  0  0  0  0 75
 0 36  0  0  0 24 63  0 55  0  0  0  0 86 75  0
