m 5
n 10
0 11 -17
t 13 10
t 25 -5
t -14 15
t -8 -16
t 14 -11
d 8 -18 58
d -23 -3 63
d -1 -12 69
d 25 5 4
d 6 1 69
d 3 -8 78
d -12 -18 9
d 24 -20 74
d -15 10 48
d -13 6 89
Truck Graph:
   0.00   67.68   46.10  101.52   47.57   16.77
  67.68    0.00   48.02   68.65   83.55   52.56
  46.10   48.02    0.00  109.57   86.96   31.32
 101.52   68.65  109.57    0.00   78.94   95.52
  47.57   83.55   86.96   78.94    0.00   56.40
  16.77   52.56   31.32   95.52   56.40    0.00
T 415
D 830
Drone Distance Graph:
   0.00   40.61   27.66   40.61   19.03   10.06    3.16   55.15   13.00   26.08   18.68   18.06   23.02   13.34   37.48   33.24
  40.61    0.00   28.81   27.46   33.42   31.54   28.44   57.41   39.12   13.00   11.40   20.59   37.54   31.95   28.00   26.31
  27.66   28.81    0.00   65.74   34.79   12.53   21.40   48.04   40.39   15.00   29.89   22.20   39.22   15.03   64.08   39.56
  40.61   27.46   65.74    0.00   47.36   57.31   39.66   20.12   44.95   40.26   24.41   42.90   33.06   77.49    5.10    9.06
  19.03   33.42   34.79   47.36    0.00   33.84   24.19   19.85    8.06   39.12   33.03   13.60    6.71   32.25   40.39   22.56
  10.06   31.54   12.53   57.31   33.84    0.00   13.83   56.78   15.03   19.42   21.63   17.10   26.93   13.45   35.81   47.86
   3.16   28.44   21.40   39.66   24.19   13.83    0.00   34.44   16.22   28.60   28.66   11.18   20.00   16.12   36.24   31.89
  55.15   57.41   48.04   20.12   19.85   56.78   34.44    0.00   35.65   48.66   29.27   26.48   18.60   74.97   22.90   20.18
  13.00   39.12   40.39   44.95    8.06   15.03   16.22   35.65    0.00   31.06   14.76    5.66   12.53   26.25   26.08   21.63
  26.08   13.00   15.00   40.26   39.12   19.42   28.60   48.66   31.06    0.00   19.42   38.33   43.57   25.02   60.47   38.01
  18.68   11.40   29.89   24.41   33.03   21.63   28.66   29.27   14.76   19.42    0.00   14.23   26.17   41.49   22.85   19.65
  18.06   20.59   22.20   42.90   13.60   17.10   11.18   26.48    5.66   38.33   14.23    0.00   18.03   24.19   25.46   21.26
  23.02   37.54   39.22   33.06    6.71   26.93   20.00   18.60   12.53   43.57   26.17   18.03    0.00   36.06   28.16   36.03
  13.34   31.95   15.03   77.49   32.25   13.45   16.12   74.97   26.25   25.02   41.49   24.19   36.06    0.00   73.81   45.22
  37.48   28.00   64.08    5.10   40.39   35.81   36.24   22.90   26.08   60.47   22.85   25.46   28.16   73.81    0.00    4.47
  33.24   26.31   39.56    9.06   22.56   47.86   31.89   20.18   21.63   38.01   19.65   21.26   36.03   45.22    4.47    0.00
Drone Profit Graph:
 0 19 19  0  0  2  0 40  0  0  0 22  0  0  0  0
19  0 93  0  0 29  0 38 98  0  0  0  0  0  0  0
19 93  0 80  0  0  0  0 75 53  7  0  0  0 71  0
 0  0 80  0 39 13  0  0 32  0  0 31  0 98  0  0
 0  0  0 39  0 15 23  0  0  0 15  0 48  0 96  0
 2 29  0 13 15  0 15 74  0  0 43 38  0  0  0 70
 0  0  0  0 23 15  0  0 13  0 47  0  0  0  0  0
40 38  0  0  0 74  0  0  5  0  0  0  0 31 78 11
 0 98 75 32  0  0 13  5  0  0  0  0  0  0  0  0
 0  0 53  0  0  0  0  0  0  0  0  0  0  0 37  0
 0  0  7  0 15 43 47  0  0  0  0 12  0 21  0  0
22  0  0 31  0 38  0  0  0  0 12  0  0  0  0  0
 0  0  0  0 48  0  0  0  0  0  0  0  0  0  0 45
 0  0  0 98  0  0  0 31  0  0 21  0  0  0 89  0
 0  0 71  0 96  0  0 78  0 37  0  0  0 89  0  0
 0  0  0  0  0 70  0 11  0  0  0  0 45  0  0  0
