m 5
n 10
0 15 16
t 15 -2
t -11 -15
t 17 -6
t -19 1
t -17 -17
d 9 -7 35
d -7 4 47
d 21 -11 99
d -17 1 47
d 1 -1 67
d 20 7 55
d 14 -11 84
d -16 16 75
d -10 -7 7
d -2 11 99
Truck Graph:
   0.00   45.00  101.15   55.23   92.90  114.92
  45.00    0.00   72.67   11.18   85.33   88.35
 101.15   72.67    0.00   73.53   44.72   15.81
  55.23   11.18   73.53    0.00   91.69   89.34
  92.90   85.33   44.72   91.69    0.00   45.28
 114.92   88.35   15.81   89.34   45.28    0.00
T 365
D 730
Drone Distance Graph:
   0.00   18.00   40.46   22.09   37.16   68.95   23.77   25.06   27.66   53.01   33.03   15.44   40.53   46.50   33.97   17.72
  18.00    0.00   43.60    6.71   51.20   35.34    7.81   22.80   10.82   32.14   14.04   10.30    9.06   35.85   38.24   21.40
  40.46   43.60    0.00   29.41   26.83    6.32   21.54   29.12   48.37   17.09   27.66   57.02   37.98   31.40    8.06   27.51
  22.09    6.71   29.41    0.00   55.01   53.60    8.06   26.00    6.40   52.07   16.76   13.34    5.83   39.66   27.02   25.50
  37.16   51.20   26.83   55.01    0.00   27.17   29.12   12.37   62.64    2.00   30.15   59.19   35.11   22.95   18.06   19.72
  68.95   35.34    6.32   53.60   27.17    0.00   41.79   23.26   38.47   27.00   24.08   66.15   47.36   33.02   12.21   47.65
  23.77    7.81   21.54    8.06   29.12   41.79    0.00   19.42   12.65   27.20   15.00   17.80    9.60   50.96   19.00   21.10
  25.06   22.80   29.12   26.00   12.37   23.26   19.42    0.00   31.76   10.44    9.43   40.75   25.81   15.00   17.10   12.90
  27.66   10.82   48.37    6.40   62.64   38.47   12.65   31.76    0.00   39.85   33.54   27.04   10.50   68.71   31.26   47.74
  53.01   32.14   17.09   52.07    2.00   27.00   27.20   10.44   39.85    0.00   18.11   37.48   49.86   22.55   10.63   18.03
  33.03   14.04   27.66   16.76   30.15   24.08   15.00    9.43   33.54   18.11    0.00   20.62   16.40   24.04   12.53   12.37
  15.44   10.30   57.02   13.34   59.19   66.15   17.80   40.75   27.04   37.48   20.62    0.00   18.97   37.11   33.11   22.36
  40.53    9.06   37.98    5.83   35.11   47.36    9.60   25.81   10.50   49.86   16.40   18.97    0.00   40.36   24.33   27.20
  46.50   35.85   31.40   39.66   22.95   33.02   50.96   15.00   68.71   22.55   24.04   37.11   40.36    0.00   23.77   22.30
  33.97   38.24    8.06   27.02   18.06   12.21   19.00   17.10   31.26   10.63   12.53   33.11   24.33   23.77    0.00   19.70
  17.72   21.40   27.51   25.50   19.72   47.65   21.10   12.90   47.74   18.03   12.37   22.36   27.20   22.30   19.70    0.00
Drone Profit Graph:
 0  0  0  0  0 59  0  0  0 16 53 13 92 92  0  0
 0  0 58 66 45  0  0  0  0  0  0  0  0  0 40  0
 0 58  0  0 79  0  0  0 60  0 48 82 50  0  0  0
 0 66  0  0 81 32  0  0  0  1  0  0  0  0  0  0
 0 45 79 81  0 94  0  0 98  0 66 30  0 77 41  0
59  0  0 32 94  0 46  0  0 44  0 57 96  0  0 15
 0  0  0  0  0 46  0  0  0  0 84  0 63 68  0  0
 0  0  0  0  0  0  0  0  0  0  0 23  0  0 90 70
 0  0 60  0 98  0  0  0  0  0 66 96 99 15  0 79
16  0  0  1  0 44  0  0  0  0  0  0 80 26  0  0
53  0 48  0 66  0 84  0 66  0  0  0  0  0  0  0
13  0 82  0 30 57  0 23 96  0  0  0  0  0  0  0
92  0 50  0  0 96 63  0 99 80  0  0  0  0  0  0
92  0  0  0 77  0 68  0 15 26  0  0  0  0  0 62
 0 40  0  0 41  0  0 90  0  0  0  0  0  0  0  0
 0  0  0  0  0 15  0 70 79  0  0  0  0 62  0  0
