m 5
n 10
0 20 -3
t -12 16
t 10 8
t -24 16
t -2 9
t -2 -8
d -1 2 99
d -22 15 20
d 5 6 97
d 24 13 44
d 2 11 8
d 18 6 60
d -25 -1 88
d -15 16 66
d -19 -9 13
d 23 20 89
Truck Graph:
   0.00   93.04   37.17  119.82   62.65   56.40
  93.04    0.00   58.52   30.00   30.52   65.00
  37.17   58.52    0.00   87.32   30.10   50.00
 119.82   30.00   87.32    0.00   57.72   81.39
  62.65   30.52   30.10   57.72    0.00   42.50
  56.40   65.00   50.00   81.39   42.50    0.00
T 390
D 780
Drone Distance Graph:
   0.00   37.22   22.30   47.93   37.59   22.56   32.38   45.69   17.49   16.49   22.80   13.83   45.04   39.82   59.19   34.79
  37.22    0.00   35.11   12.00   18.31   26.00   17.80   15.07   29.58   54.19   22.30   47.43   32.10    3.00   25.96   35.23
  22.30   35.11    0.00   52.39   12.04   30.00   18.79   49.14    5.39   22.30   12.82    8.25   36.14   26.25   33.62   17.69
  47.93   12.00   52.39    0.00   34.63   32.56   26.93    3.35   46.01   72.14   39.71   64.76   25.54    9.00   38.24   47.17
  37.59   18.31   12.04   34.63    0.00   25.50    7.07   20.88   11.42   26.31    4.47   20.22   25.08   14.76   37.14   40.97
  22.56   26.00   30.00   32.56   25.50    0.00   15.07   30.48   15.65   33.42   29.12   24.41   36.06   27.29   17.03   37.54
  32.38   17.80   18.79   26.93    7.07   15.07    0.00   37.05    7.21   27.31   14.23   19.42   24.19   29.70   31.64   30.00
  45.69   15.07   49.14    3.35   20.88   30.48   37.05    0.00   42.69   69.07   24.33   41.00   16.28    7.07   36.28   45.28
  17.49   29.58    5.39   46.01   11.42   15.65    7.21   42.69    0.00   30.37    5.83   19.50   30.81   22.36   28.30   34.21
  16.49   54.19   22.30   72.14   26.31   33.42   27.31   69.07   30.37    0.00   22.09    9.22   76.44   58.67   72.45    7.07
  22.80   22.30   12.82   39.71    4.47   29.12   14.23   24.33    5.83   22.09    0.00   25.14   44.32   17.72   29.00   22.85
  13.83   47.43    8.25   64.76   20.22   24.41   19.42   41.00   19.50    9.22   25.14    0.00   65.35   34.48   39.92   14.87
  45.04   32.10   36.14   25.54   25.08   36.06   24.19   16.28   30.81   76.44   44.32   65.35    0.00   29.58   15.00   78.59
  39.82    3.00   26.25    9.00   14.76   27.29   29.70    7.07   22.36   58.67   17.72   34.48   29.58    0.00   25.32   38.21
  59.19   25.96   33.62   38.24   37.14   17.03   31.64   36.28   28.30   72.45   29.00   39.92   15.00   25.32    0.00   76.56
  34.79   35.23   17.69   47.17   40.97   37.54   30.00   45.28   34.21    7.07   22.85   14.87   78.59   38.21   76.56    0.00
Drone Profit Graph:
 0  0 91  0 53  0 96  0  0  0  0  6  0  0 77 90
 0  0 93  0 86  0  0  8 32 14 28 37 46  0  0  0
91 93  0 20  0 42 81 96  0 37 83  0  0  0  0  0
 0  0 20  0 92  0  0 46  4 58 48 74 35  0 58  0
53 86  0 92  0 74  0  0 63  0  0  0  0  0 92 62
 0  0 42  0 74  0 71  0  0  0 85  0 31  0  0  0
96  0 81  0  0 71  0 67  0  0 89  0  0 43 74  0
 0  8 96 46  0  0 67  0 18 100  0  0  0  0 87  0
 0 32  0  4 63  0  0 18  0 42  0  2  0  0  0 31
 0 14 37 58  0  0  0 100 42  0  0  0 72  0 54  0
 0 28 83 48  0 85 89  0  0  0  0 39 23  0  0  0
 6 37  0 74  0  0  0  0  2  0 39  0 93  0  0  0
 0 46  0 35  0 31  0  0  0 72 23 93  0 41 54 49
 0  0  0  0  0  0 43  0  0  0  0  0 41  0  0  0
77  0  0 58 92  0 74 87  0 54  0  0 54  0  0 13
90  0  0  0 62  0  0  0 31  0  0  0 49  0 13  0
